message: o=T6.o r=T6.r mct=T6.mct mesh=T6.mesh

Title: TrueBeam Stx
c Cell cards
c ------------------------------------------------------
c Targer construction
c ------------------------------------------------------
990 0 99
980 1 0.00120479 -99 #1 #2 #3 #4 #5 #6 #14 #15 #16 #17 #18 #19
c ------------------------------------------------------
c Targer construction
c ------------------------------------------------------
1    2  -19.3  (1 -2 3 -4 5 -6)          $ Target layer A
2    3  -8.96  (1 -2 3 -4 7 -5)          $ Target layer B
c ------------------------------------------------------
c Primary collimator
c ------------------------------------------------------
3    2  -19.3  (8 -9 10 -11)            $ Upper collimator
4    2  -19.3  (-12 13 -14 #(-15))      $ Lower collimator
c ------------------------------------------------------
c Vacuum window
c ------------------------------------------------------
5    4  -1.848 (-16 17 -18)             $ Berilium window
c ------------------------------------------------------
c Ion chamber
c ------------------------------------------------------
6    0         (-19 20 -21) Fill =6     $ Ion chamber container
7    0         #8 #9 #10 #11 #12 #13 U =6
8    5  -1.42  (-22 23 -24) U =6         $ Window layer 1
9    5  -1.42  (-22 25 -26) U =6
10   5  -1.42  (-22 27 -28) U =6         $ Window layer 2
11   5  -1.42  (-22 29 -30) U =6
12   5  -1.42  (-22 31 -32) U =6         $ Window layer 2
13   5  -1.42  (-22 33 -34) U =6
c ------------------------------------------------------
c  Mirror
c ------------------------------------------------------
14   6  -1.4   (-35) trcl =1             $ Mirror
c ------------------------------------------------------
c  Jaws
c ------------------------------------------------------
15   2  -19.3  (-36) trcl =2             $ Jaws 1X
16   2  -19.3  (-36) trcl =3             $ Jaws 2X
17   2  -19.3  (-37) trcl =4             $ Jaws 1Y
18   2  -19.3  (-37) trcl =5             $ Jaws 2Y
c ------------------------------------------------------
c  Water phantom
c ------------------------------------------------------
19   7  -1.0   (-97)                      $ Mirror

c Surface cards
99 rpp -150 150 -150 150 -150 150
1   px  -0.6
2   px   0.6
3   py  -0.6
4   py   0.6
5   pz   0.1561
6   pz   0.245
7   pz  -1.38E-3
8   cz   1
9   cz   8
10  pz  -4
11  pz   2
12  cz   8
13  pz   3.1
14  pz   9.3
15  trc  0 0 3.0 0 0 6.4 0.5 1.7658592
16  cz   3.6
17  pz   9.98
18  pz   10.02
c set:c1[0.08128]             $ window layer
c set:c2[0.0508]              $ plate layer
19  cz   5.0799
20  pz   15.65926
21  pz   16.2253
22  cz   5.08
23  pz   15.65936
24  pz   15.74064
25  pz   15.7746
26  pz   15.8254
27  pz   15.85936
28  pz   15.94064
29  pz   16.95936
30  pz   16.04064
31  pz   16.05936
32  pz   16.14064
33  pz   16.1746
34  pz   16.2254
35  rcc  0 0 0.05 0 0 0.1 6.3
36  rpp  -4.5 4.5 -9.3 9.3 -3.9 3.9
37  rpp  -9.3 9.3 -4.5 4.5 -3.9 3.9
97  rpp  -15 15 -15 15 100.1561 130.1561

c Data cards
c ------------------------------------------------------
c  Problem cards
c ------------------------------------------------------
mode p e
c ------------------------------------------------------
c  Importance cards
c ------------------------------------------------------
imp:p 0 1 19r
imp:e 0 1 19r
c ------------------------------------------------------
c  Materials cards
c ------------------------------------------------------
m1 6000 -0.000124 7000 -0.755268 8000 -0.231781 18000 -0.012827
m2 74000 1
m3 29000 1
m4 4000 1
m5 6000 22 1000 10 7000 2 8000 5
m6 6000 10 1000 8 8000 4
m7 1000 2 8000 1
c ------------------------------------------------------
c  Transform cards
c ------------------------------------------------------
tr1 0 0 17.5 &
      0.9781476 0 0.2079117 &
      0.0000000 1 0.0000000 &
      -0.2079117 0 0.9781476 1
c Field 10X10
tr2 6.2821 0 35.5301 &
    0.99878559 0 -0.04926814 &
    0.00000000 1  0.00000000 &
    0.04926814 0  0.99878559 1  $ Jaw 1X pos    
tr3 -6.2821 0 35.5301 &  
    0.99878559 0 0.04926814 &
    0.00000000 1 0.00000000 &
   -0.04926814 0 0.99878559 1  $ Jaw 2X pos  
tr4 0 5.8437 26.7616 &
    1 0.00000000 0.00000000 &
    0 0.99878559 -0.04926814 &
    0 0.04926814 0.99878559 1    $ Jaw 1Y pos 
tr5 0  -5.8437 26.7616 &
    1  0.00000000 0.00000000 &
    0  0.99878559 0.04926814 &
    0 -0.04926814 0.99878559 1   $ Jaw 2Y pos 
c ------------------------------------------------------
c  Source term
c ------------------------------------------------------
sdef pos = 0 0 -0.50138 &
        erg = d1 &
        wgt = 1 &
        axs = 0 0 1
        par = e &
        vec = 0 0 1 &
        ext = 0 &
        rad = d2 &
        dir = 1
sp1 -4 0.03483254985 5.8 $ Gaussian ditribution with E(mean)=5.8MeV
si2 0 0.125
sp2 -21 1
c
fmesh14:p geom=rec origin= -0.05 -10.05 109.9061
               imesh=0.05 iints=1
               jmesh=10.05 jints=201
               kmesh=110.4061 kints=1
               out=ij
fc14 Beam profile at 10 cm of depth
de0 LOG 0.01 0.03 0.05 0.07 0.1 0.15 0.2 0.25 0.3 0.35 0.4 0.45 0.5 0.55 0.65 &
     0.7 0.8 1.0 1.4 1.8 2.2 2.6 2.8 3.25 3.75 4.25 4.75 5.0 5.25 5.75 6.25 &
     6.75 7.5 9.0 11.0 13.0 15.0 $ MeV.
df0 LOG 3.96e-6 5.82e-7 2.90e-7 2.58e-7 2.83e-7 3.79e-7 5.01e-7 6.31e-7 &
     7.59e-7 8.78e-7 9.85e-7 1.08e-6 1.17e-6 1.27e-6 1.36e-6 1.44e-6 1.52e-6 &
     1.68e-6 1.98e-6 2.51e-6 2.99e-6 3.42e-6 3.82e-6 4.01e-6 4.41e-6 4.83e-6 &
     5.23e-6 5.60e-6 5.80e-6 6.01e-6 6.37e-6 6.74e-6 7.11e-6 8.77e-6 1.03e-5 &
     1.18e-5 1.33e-5 $ (rem/hr)/(p/cm2.s-1). 
c ------------------------------------------------------
c  Physic options
c ------------------------------------------------------
cut:p J 0.07
cut:e J 0.1 
phys:p 7 0 0 0 0
phys:e 7 0 0 0 0 80 1 1 1 0 $Produce 80 times the number of Bremsstrahlung
c ------------------------------------------------------
c  History cutoff
c ------------------------------------------------------
nps 5e8
c ------------------------------------------------------
c  Output control
c ------------------------------------------------------
print 30 32 40 50 86 126 128
prdmp 2j 1